30315
55103
16948
30704
24585
23012
84528
23011
24559
24558
23468
102980
16940
16947
14203
135214
19856
982
123983
262186
125527
14014
4567
1108
2356
122280
280518
124003
252674
252675
290491
290490
124005
290492
908
329324
124038
3173
329315
329316
42
131030
43
6731
335658
7214
335708
7579
335807
7580
335808
10969
290499
290498
102989
2296
1129
4727
2702
5336
262188
102968
25428
102979
25314
30319
30341
11135
14853
14854
6846
313670
17938
124008
295506
295507
124009
295504
102991
295505
124039
102973
124007
124010
124011
290493
290494
124012
295500
295501
295502
295503
124014
14852
124006
259619
4411
124020
122279
124034
124035
124037
124036
18294
3683
123987
254069
254068
124004
4728
1109
44
45
46
47
48
49
50
102971
254067
280525
30320
30340
27521
21828
30782
9100
14243
314650
18058
124013
30783
317075
5830
51
52
53
8934
86517
166351
124177
259620
124182
292135
292136
292137
124180
262189
262190
124181
292132
292133
292134
18403
102975
262187
30321
30701
30778
102987
30781
4942
24992
24993
315915
3659
102976
30784
316352
10591
6695
30785
3573
54
329320
55
56
21333
30062
604
13556
605
13558
606
13560
607
13553
608
13566
318724
318721
316220
318723
316155
609
13567
610
13568
611
13569
612
13570
613
13626
614
13628
615
13629
616
13630
617
13631
618
13632
619
14800
620
14799
621
14801
622
14802
623
14803
624
14804
625
14805
626
14806
627
14807
628
14808
629
14809
630
14810
631
14811
632
14812
633
14813
634
14814
635
14815
636
14879
637
14880
638
14881
639
14882
640
14883
641
14884
642
14885
643
14886
644
14887
645
14888
646
14889
647
14893
648
14894
649
14895
650
14896
651
14897
652
14898
653
5715
30986
6624
30987
7528
30990
8123
30991
8126
30992
8127
30993
11010
35013
15022
35014
15025
35015
16196
35016
17265
35017
85579
90513
90504
90503
90505
19265
35018
20923
35019
22804
35020
24704
35021
24705
35022
133192
258098
73774
73880
43443
29265
35023
32172
35024
33916
35025
33985
35026
33986
35027
74129
187135
102986
74405
74128
43010
45350
43520
48426
43521
48427
43522
48428
43523
48429
320204
56544
58488
58741
58485
58944
58482
275468
58946
58480
119320
58945
58484
89170
69631
83270
69632
83271
69633
83268
69634
83269
69635
83272
90493
75753
75754
81898
82954
84533
101258
83830
101184
83832
101248
83834
96427
83837
101189
92466
84531
90486
90488
104303
103562
99696
102839
99697
102842
99698
102844
99699
102841
99700
102843
104640
109246
109463
109458
109460
130422
131850
130423
130424
131851
130425
131849
130426
131847
275469
131845
237216
155583
155676
155615
155674
155661
155678
155671
155675
159647
159648
167036
198403
155666
155677
167246
189627
189628
189631
189721
189633
189634
189638
189637
189639
189640
205583
316235
266326
262200
262199
262204
262206
314278
314280
314283
314287
314288
315124
315126
315129
315130
315131
182557
30316
30322
30053
10637
102985
55101
281285
281325
14900
14901
14902
14903
14904
124016
254070
258911
124015
15174
77178
77177
6790
15175
125525
258910
4396
10085
22587
4455
4397
18972
4398
9257
77058
7944
17520
17541
28873
29194
4399
78877
37692
9258
25254
25253
77060
51959
10327
78898
6482
78899
42762
78897
78943
50933
78944
78946
50680
51963
66622
48619
7945
17393
78983
78984
79009
79011
79012
79013
79010
79014
79017
18229
4400
2835
11591
124044
943
10865
6918
1489
21336
4403
4404
17631
26702
32998
10867
21202
32982
15323
31211
30790
30054
43447
43448
32996
44904
18716
71638
71639
58916
62812
91848
86369
86319
62810
71535
96733
90913
104139
131916
155919
160587
166357
197714
278400
315924
321357
30317
10355
23359
123982
135902
258909
135904
257733
102996
22797
22798
135900
102997
11472
6157
252299
252300
124002
252301
252302
252303
23122
23120
27871
102998
290495
290496
331009
23016
16466
1492
23017
124033
23020
23022
40890
40891
40892
30364
24936
55094
5580
55100
329327
15202
1346
3366
15203
3548
15848
18802
16326
1493
17658
20149
17628
20573
4744
20183
20572
20184
41795
32995
20185
20243
38462
20251
38464
38463
38465
20253
38460
20270
20269
19521
15926
38467
43452
43449
43450
71637
35618
43451
20286
42068
38468
30055
38466
25435
37837
316219
41855
25436
122343
923
54742
38959
32515
25437
25438
19862
20293
51848
25439
25452
25453
20292
1491
1497
1498
1499
69187
21205
4951
4953
4955
4957
25440
7509
7458
7577
7578
32997
19305
7282
9953
10334
11130
14668
16546
43777
21015
19025
21839
24693
22539
19974
30454
62739
29644
29645
29646
29649
29655
39979
39978
43418
43516
43517
43518
44767
49747
49746
56369
58935
58949
58950
58358
58915
60799
71139
69553
71689
70034
72630
72631
72632
83293
83826
83827
83828
84530
90912
99708
100969
104138
131844
131915
130427
154802
155918
160583
155920
155679
178156
180503
181036
181037
225134
225737
225890
226275
197715
227241
193553
245705
287017
287022
268117
278504
285293
285469
285725
285603
274872
298883
315923
321358
316980
319308
319311
319309
319312
